ball_run_2023-11-28_22:36:49.685339_epoch4.pt
ball_run_2023-11-28_22:36:49.685339_epoch3.pt
